% -------------------------------------------------------------------
%  Generated by MATLAB on 25-May-2023 14:59:33
%  MATLAB version: 9.1.0.441655 (R2016b)
% -------------------------------------------------------------------

function colormap_OVF = colormap_OVF()



colormap_OVF = ...
	[0 0 0;
	0.458823531866074 1 0.458823531866074;
	0.458823531866074 1 0.458823531866074;
	0.458823531866074 1 0.458823531866074;
	0.458823531866074 1 0.458823531866074;
	0.458823531866074 1 0.458823531866074;
	0.458823531866074 1 0.458823531866074;
	0.458823531866074 1 0.458823531866074;
	0.458823531866074 1 0.458823531866074;
	0.458823531866074 1 0.458823531866074;
	0.458823531866074 1 0.458823531866074;
	0.458823531866074 1 0.458823531866074;
	0 0.878431379795075 0;
	0 0.878431379795075 0;
	0 0.878431379795075 0;
	0 0.878431379795075 0;
	0 0.878431379795075 0;
	0 0.878431379795075 0;
	0 0.878431379795075 0;
	0 0.878431379795075 0;
	0 0.878431379795075 0;
	0 0.878431379795075 0;
	0 0.878431379795075 0;
	0 0.878431379795075 0;
	0 0.878431379795075 0;
	0 0.737254917621613 0;
	0 0.737254917621613 0;
	0 0.737254917621613 0;
	0 0.737254917621613 0;
	0 0.737254917621613 0;
	0 0.737254917621613 0;
	0 0.737254917621613 0;
	0 0.737254917621613 0;
	0 0.737254917621613 0;
	0 0.737254917621613 0;
	0 0.737254917621613 0;
	0 0.737254917621613 0;
	0 0.576470613479614 0;
	0 0.576470613479614 0;
	0 0.576470613479614 0;
	0 0.576470613479614 0;
	0 0.576470613479614 0;
	0 0.576470613479614 0;
	0 0.576470613479614 0;
	0 0.576470613479614 0;
	0 0.576470613479614 0;
	0 0.576470613479614 0;
	0 0.576470613479614 0;
	0 0.576470613479614 0;
	0 0.576470613479614 0;
	0 0.384313732385635 0;
	0 0.384313732385635 0;
	0 0.384313732385635 0;
	0 0.384313732385635 0;

	0 0.384313732385635 0];
end
